-0.0038319540702899265
-0.03049862073695659
-0.05716528740362324
-0.08316432890559604
-0.08316432890559604
0.11787567109440392
-0.1098309955722628
0.03703763460037433
-0.0833090320662923
-0.0833090320662923
-0.05664236539962564
-0.030147198775265664
0.08069333333333331
-0.11014719877526569
0.07721280122473431
-0.07999999999999999
-0.18955077675313664
-0.05621744341980328
-0.08288411008646994
-0.0030395319998103914
-0.10970619866647709
-0.05333333333333332
-0.16303953199981042
-0.21644100597495308
-0.24310767264161975
-0.1364410059749531
-0.1364410059749531
-0.16331209456704782
-0.10997876123371449
-0.2966454279003812
-0.08331209456704775
-0.24380209468792402
-0.24380209468792402
-0.1371354280212574
-0.24380209468792402
-0.08536320444802814
-0.29869653778136157
-0.1386965377813615
-0.1386965377813615
-0.11254590249199263
-0.005879235825325945
-0.059212569158659266
0.49412076417467404
0.49356109216161076
0.49356109216161076
0.49356109216161076
0.39702775882827746
0.39621313362732075
0.5172531336273207
0.43655980029398733
0.35586646696065405
0.597788748171747
0.43640208150508036
0.5170954148384137
0.5170954148384137
0.2749870867064254
0.35568042003975886
0.4363737533730922
0.2749870867064254
0.4360805189257553
0.27469385225908854
0.27469385225908854
0.12103999999999997
0.19204051844225029
0.15169385177558364
0.23238718510891693
-0.00969281489108301
0.028864585709196523
-0.19814874762413684
-0.06481541429080347
-0.11814874762413682
-0.14453672672205514
-0.11787006005538847
-0.2512033933887218
-0.14453672672205514
-0.250740190149456
-0.11740685681612266
-0.14407352348278932
-0.19740685681612263
-0.1693314398019368
-0.2759981064686029
-0.3026647731352702
-0.22266477313527014
-0.19452274672965267
-0.19452274672965267
-0.247856080062986
-0.19452274672965267
-0.4
-0.30079511642405177
-0.19412844975738508
-0.35412844975738506
-0.24652006410840938
-0.2198533974417427
-0.37985339744174207
-0.24652006410840938
-0.004370188578064915
