0.4510955949096916
0.4737905949096917
0.4548780949096917
0.4593282200743857
0.43663322007438554
0.4555457200743856
0.4668932200743855
0.45918351691368997
0.4818785169136892
0.4554010169136893
0.47053101691368937
0.4400995168713827
0.46279451687138257
0.45901201687138266
0.45144701687138244
0.45582593889351164
0.4406959388935118
0.4482609388935116
0.4331309388935115
0.4556705169801713
0.43297551698017117
0.44810551698017126
0.4254105169801713
0.410212376338362
0.40519999999999995
0.4038570706292381
0.4063366554194127
0.3976329054329522
0.3825029054329522
0.09456250000000013
-0.3083120945670477
-0.3588020946879239
-0.3588020946879239
-0.20880209468792393
-0.11130209468792396
-0.06536320444802807
-0.04786320444802809
-0.0603632044480281
-0.12286320444802809
-0.27587923582532586
-0.33087923582532586
-0.4
-0.4
-0.39643890783838925
-0.3764389078383893
-0.38643890783838925
-0.383938907838389
-0.3272535330393459
-0.3197535330393459
-0.30225353303934593
-0.30225353303934593
-0.30741125182825224
-0.2899999999999999
-0.2674112518282529
-0.22491125182825294
-0.22493957996024108
-0.22493957996024108
-0.2599395799602411
-0.24243957996024107
-0.207732814407578
-0.16023281440757797
-0.040232814407578005
0.21543468559242201
0.334514685108917
0.349644685108917
0.37990468510891706
0.387469685108917
0.41557799520683253
0.3929386635079955
0.40519999999999995
0.40519999999999995
0.40519999999999995
0.41898512439476476
0.4341151243947648
0.4605926243947646
0.4610558276340305
0.4761858276340306
0.4610558276340299
0.4761858276340306
0.4965070779815498
0.5040720779815497
0.5078545779815499
0.5154195779815498
0.5093299377205007
0.5093299377205007
0.5168949377205007
0.5168949377205007
0.5324192346927682
0.5324192346927682
0.5324192346927674
0.5399842346927681
0.5371434536750772
0.5144484536750772
0.5295784536750773
0.5447084536750773
0.5887660240465198
