0.0826251887868529
0.16908233164399583
-0.0038319540702899265
0.040064242522976426
-0.031735757477023945
-0.0031643289055960566
-0.0031643289055960566
0.08314811079085051
-0.11759474635200659
-0.06045188920914948
-0.14616617492343448
-0.08919481782288405
-0.08919481782288405
-0.0320519606800269
-0.06062338925145616
-0.08859839580075501
-0.14574125294361212
-0.11716982437218423
-0.03145553865789785
-0.08875381771409545
-0.06018238914266756
-0.11732524628552468
-0.17446810342838184
-0.060250529784476904
-0.060250529784476904
-0.11739338692733403
-0.11739338692733403
-0.17474066599561924
-0.3461692374241907
-0.2857142857142857
-0.2857142857142857
-0.3466592375450669
-0.3180878089736383
-0.3142857142857143
-0.4
-0.22857142857142856
-0.22857142857142856
-0.1767917758765996
-0.1767917758765996
-0.12016495011104023
-0.091593521539611
-0.091593521539611
-0.0630220929681831
-0.06358176498124643
-0.06358176498124643
-0.06358176498124643
0.08001823501875356
0.16566075267493977
0.16566075267493977
0.16566075267493977
0.16566075267493977
0.33841731960031834
0.38164589102888974
0.03581731960031943
0.38164589102888974
0.208703277182616
0.42484613432547313
0.33838899146833024
0.33838899146833024
0.5974671855924218
-0.007732814407578075
0.2516386141638505
0.2516386141638505
0.11999289939463123
0.3793643279660598
0.07676432796605981
-0.03826424346251091
0.11820363332824409
-0.0686249381003273
0.1614322047568156
-0.06862493810032728
-0.01120339338872178
0.07525374946842103
-0.06834625053157894
0.16171089232556396
-0.010740190149455963
-0.010740190149455963
-0.010740190149455963
-0.06788304729231312
0.25003998876949174
0.03389713162663569
0.2068114173409204
0.163582845912349
-0.007856080062986001
0.2515153485084426
0.2515153485084426
0.3379724913655854
0.33836678833785305
0.07899535976642441
0.33836678833785305
0.2951382169092816
0.07993707874873343
0.2960799358915906
0.16639422160587639
0.2528513644630192
-0.2788799924996336
